2Bfreeyumi
acemarvel
alex264
Anise_Punter
AnnOrZ
Atomico
Bankai0010
Bazwert
bhtoyjeucj
BOMMER_X
Boracik
Bura
catcherintherye
Celisar
charlesleeray
ChiefChin
Clitpinch
DaKeDo
deactivated30325
Dieucra
E-Rocks
Eire
Emptyk
eridanampora
Fallenrock
Firemeth
FRUITS_PUNCH_VID
gabrieltheyellow
GlassToTheArson
GundamLordAthrun
Gurenn
Gwazdka
Hoy-Sensei
Itachi2099
jordan0708
Kanra69
Kasin
Katien
Kawaii_sensei
Kenju
kingddude
kinghippo1000
kodzak
kyomi666
Lolskal
majr
Metal_Ganado
michielynn
miskov
N3M0
Nekiba
neuromasser
Nibbler_J_Goku
NightmareNeko
Nijuukyuu
notmi
nyazers
olenhassu
OtakuSailorV
ParkEunsol
patry16dbz
Phil10
pie_
pinky_swear
poptya
psychoLISSI
Radaghast
radek125
RebeccaBoo90
Retribution75
Rojada1988
Rotten-Girl
RyIsOn
Sables
Scarleciak
Shaddox
shakeyourpup45
Shark_CT
Sharnark
Shinkosmo
Soiled
T0LEK
tazey65
TheJis
TheSpiritFox
torakitty
Tres_Iqus
TsubasaKnight
Uky
veggiebul
Velasa
Wolfkingx
Wolfnagi
Younger_toguro
zaladinos
Zarmyn
Zatoichi
