alice_academy
Alyss_
AmityAngel
Amuchan_hinamori
aNiMe-LoVeRs
anndie_rose
AoiHoshi
baka_otakuXD
Bye-MAL
cckatsura-chan
cha-chan
Chellle
chibi-hitsu
ChibiHime
clear1140
creativefame
cutiep809
Dangooooooo
Denna
DulcetPerfection
elfen13
Fayafi
Frettiko
Gilbert_Nightray
Grayghostreborn
GundamLordAthrun
Harume
hitsuki_kun
homemichan
JanieDiana
keith008
kirari-chan12
Kuniyo-
KurosuX
Kuro_Usagi
kyamiru
Linethe
m1kh3l
Mangaluvr
MegaMatrix
Merialle
miU--
MooNRis3
Muraki33
Myeongi
nearauel
Neite
neko666
sakura421
Sasori71610
stellapoison
stellarsky08
swagoshin
T-LxTenshi
tsubasa-lover
xPipaChanx
Yami-chii
Yuelon
ziomalos
