Hideyoshilover
TrollTrooper
kinoholic
BUTTHURT
HooHiraiBunny
Hideyoshilover
Backfirenum001
gomu_ninguen
Hideyoshilover
BUTTHURT
Sick_Bastard
kinoholic
HooHiraiBunny
Hideyoshilover
MrOnsen
Hideyoshilover
Backfirenum001
gomu_ninguen
Hideyoshilover
gomu_ninguen
HooHiraiBunny
kinoholic
Hideyoshilover
werrston
Hideyoshilover
gomu_ninguen
werrston
Hideyoshilover
Hideyoshilover
gomu_ninguen
Hideyoshilover
CardboardO-San
gomu_ninguen
werrston
gomu_ninguen
kinoholic
Hideyoshilover
Hideyoshilover
GamzeeMakara
werrston
Hideyoshilover
GamzeeMakara
kinoholic
Hideyoshilover
kinoholic
Hideyoshilover
kinoholic
Hideyoshilover
Hideyoshilover
werrston
kinoholic
Hideyoshilover
zebra_boy
Hideyoshilover
kinoholic
Hideyoshilover
GamzeeMakara
GamzeeMakara
Hideyoshilover
GamzeeMakara
Hideyoshilover
kinoholic
kinoholic
GamzeeMakara
werrston
Hideyoshilover
zebra_boy
werrston
Hideyoshilover
zebra_boy
Hideyoshilover
GamzeeMakara
Hideyoshilover
Hideyoshilover
werrston
GamzeeMakara
zebra_boy
werrston
GamzeeMakara
GamzeeMakara
GamzeeMakara
Mujina
GamzeeMakara
Gypsy
GamzeeMakara
Gypsy
Hideyoshilover
Gypsy
GamzeeMakara
Hideyoshilover
Gypsy
GamzeeMakara
-steez-
Hideyoshilover
