cutiep809
Kuro-Neko-Chan
nyna_new
edinaa
deathiwillgiveu
Bezi
Sillya
haisu
Risa-tan
akira1878
VampireCross
SasukeForever
AmuletFortune
Emit01
bekileik
DifferentOpinion
lordsephiroth92
Animeluverz125
merry_berry94
alstrein_mizuka
annsky
Dark-Lord
