-SeRg-
gallantman
duotrouble
Gladius
tchu3
Zoki-chan
-SeRg-
Ikano
ChaseRosenburg
Ryner
TotallyLovable
MissAnonymous
TwilightHaseo
staypee
hiram208
nugger
ketan
lovexisxaxsin
Skeithhaseo
