Iri
cyruz
freedoleen
Iri
cyruz
Trineas
freedoleen
Lab-Member-000
chibuki
direbliss
fyrga
Kayro
Rosencruez
kuroshiroi
BlickWinkel
Uuchie
Faust721
B614BAAD8E7A6E10
BlickWinkel
jobocan
Trineas
Torisunanohokori
lifeordeath2
Darkreaper70
Forever
Ranivus
then
AlexSadist-sama
Stark700
RafaelDeJongh
antipurefaith
Gator
Raijin-sama619
