Onyxthegreat
Game_Master
OppaiSugoi
