Ramen
Spitzer
