Lady-Yami-Yugi
darkhriss
little_dream
