fruant
Gaelenmyr
