niko_hakubi
Akitsuki
niko_hakubi
crescent_girl
niko_hakubi
crescent_girl
Tamoball
Tamoball
Kilz
Dita-chan
niko_hakubi
Dr_Jan_Itor
SnowmanGrimm
niko_hakubi
niko_hakubi
SnowmanGrimm
Blue-Eagle
Kilz
Saint-kun
Akira_Renji
Kilz
Kilz
xTheMentalist
darkdragon
